long  lat survivors  direction group
24.0  54.9   340000        B     1
24.5  55.0   340000        B     1
25.5  54.5   340000        B     1
26.0  54.7   320000        B     1
27.0  54.8   300000        B     1
28.0  54.9   280000        B     1
28.5  55.0   240000        B     1
29.0  55.1   210000        B     1
30.0  55.2   180000        B     1
30.3  55.3   175000        B     1
32.0  54.8   145000        B     1
33.2  54.9   140000        B     1
34.4  55.5   127100        B     1
35.5  55.4   100000        B     1
36.0  55.5   100000        B     1
37.6  55.8   100000        B     1
37.7  55.7   100000        R     1
37.5  55.7    98000        R     1
37.0  55.0    97000        R     1
36.8  55.0    96000        R     1
35.4  55.3    87000        R     1
34.3  55.2    55000        R     1
33.3  54.8    37000        R     1
32.0  54.6    24000        R     1
30.4  54.4    20000        R     1
29.2  54.3    20000        R     1
28.5  54.2    20000        R     1
28.3  54.3    20000        R     1
27.5  54.5    20000        R     1
26.8  54.3    12000        R     1
26.4  54.4    14000        R     1
25.0  54.4     8000        R     1
24.4  54.4     4000        R     1
24.2  54.4     4000        R     1
24.1  54.4     4000        R     1
24.0  55.1    60000        B     2
24.5  55.2    60000        B     2
25.5  54.7    60000        B     2
26.6  55.7    40000        B     2
27.4  55.6    33000        B     2
28.7  55.5    33000        B     2
28.7  55.5    33000        R     2
29.2  54.2    30000        R     2
28.5  54.1    30000        R     2
28.3  54.2    28000        R     2
24.0  55.2    22000        B     3
24.5  55.3    22000        B     3
24.6  55.8     6000        B     3
24.6  55.8     6000        R     3
24.2  54.4     6000        R     3
24.1  54.4     6000        R     3
